SM:2023-10-04T13:45:22.4187993Z
LM:2023-10-04T13:46:05.9115423Z
CT:image/jpeg
MA:2592000
CL:412650
