SM:2023-09-24T08:14:21.5653760Z
LM:2023-09-24T08:14:23.7337164Z
CT:image/jpeg
MA:2592000
CL:412650
