SM:2023-09-15T18:07:37.5172683Z
LM:2023-09-15T18:09:54.9726978Z
CT:image/jpeg
MA:2592000
CL:412650
