SM:2023-10-04T13:45:22.4247990Z
LM:2023-10-05T12:43:53.1534294Z
CT:image/jpeg
MA:2592000
CL:40636
