SM:2023-09-15T18:07:37.5238579Z
LM:2023-09-15T18:28:39.7269285Z
CT:image/jpeg
MA:2592000
CL:40636
