SM:2023-10-04T13:45:22.4108026Z
LM:2023-10-05T12:43:53.1626180Z
CT:image/jpeg
MA:2592000
CL:56859
