SM:2023-09-15T18:07:37.5108926Z
LM:2023-09-15T18:28:39.8670486Z
CT:image/jpeg
MA:2592000
CL:56859
