SM:2023-09-24T08:14:21.5723761Z
LM:2023-09-26T10:48:38.8579089Z
CT:image/jpeg
MA:2592000
CL:1043766
