SM:2023-09-15T18:07:37.5238579Z
LM:2023-09-15T18:10:10.7773985Z
CT:image/jpeg
MA:2592000
CL:1043766
