SM:2023-10-04T13:45:22.4108026Z
LM:2023-10-04T13:46:08.5377597Z
CT:image/jpeg
MA:2592000
CL:900946
