SM:2023-10-04T13:45:22.4247990Z
LM:2023-10-04T13:46:21.9562380Z
CT:image/jpeg
MA:2592000
CL:1043766
