SM:2023-09-24T08:14:21.5583774Z
LM:2023-09-26T10:01:28.2172135Z
CT:image/jpeg
MA:2592000
CL:900946
