SM:2023-09-15T18:07:37.5108926Z
LM:2023-09-15T18:09:59.4676595Z
CT:image/jpeg
MA:2592000
CL:900946
